0 0.20170441513761467 0.7379587155963303 0.0558801605504587 0.11353211009174316
0 0.36169008027522936 0.8784403669724771 0.07578268348623858 0.1307339449541284
0 0.5767904243119265 0.7454128440366972 0.06659690366972484 0.14220183486238538
0 0.6851060779816512 0.8205275229357798 0.05358371559633028 0.11811926605504595
0 0.5978411697247705 0.591743119266055 0.041336009174311954 0.10779816513761474
0 0.8745627866972475 0.599197247706422 0.042101490825688044 0.07912844036697259
0 0.9109231651376146 0.39621559633027525 0.03215022935779814 0.04931192660550465
1 0.8783901949541284 0.47362385321100914 0.03750860091743135 0.06192660550458712
1 0.3838890481651376 0.5344036697247706 0.04363245412844037 0.07568807339449549
1 0.1626648509174312 0.40825688073394495 0.0329157110091743 0.0412844036697247
1 0.5304787844036697 0.5430045871559632 0.045928899082568864 0.08600917431192656
1 0.542726490825688 0.15309633027522934 0.02449541284403665 0.04013761467889905
0 0.8347577408256881 0.294151376146789 0.022198967889908373 0.053899082568807405
0 0.5251204128440367 0.2901376146788991 0.03215022935779821 0.06422018348623851
0 0.33221903669724767 0.1886467889908257 0.022964449541284467 0.040137614678899106
0 0.2311754587155963 0.40252293577981646 0.027557339449541304 0.055045871559633
0 0.3513560779816514 0.4139908256880734 0.02449541284403672 0.05963302752293572
0 0.27978354357798163 0.2528669724770642 0.02066800458715601 0.028669724770642162
0 0.19634604357798163 0.1290137614678899 0.02985378440366972 0.026376146788990838
1 0.12974913990825687 0.169151376146789 0.020668004587155942 0.033256880733944935
0 0.8163861811926606 0.5854357798165138 0.03903956422018339 0.06307339449541281
