1 0.9510309278350516 0.8462199312714777 0.09793814432989692 0.18041237113402062
0 0.6230670103092782 0.8668384879725083 0.13530927835051532 0.21477663230240546
0 0.31017759099685893 0.9261481884560827 0.10180331996369056 0.1349898935055726
0 0.18481647798371909 0.9093211934207672 0.05693133320283547 0.11928469813927808
0 0.5453348466154665 0.7315159458808822 0.017387894869831513 0.03290612362462724
0 0.5610400419817659 0.6887005918465658 0.017387894869831513 0.03178432395560591
0 0.5247217776971985 0.6963662229182122 0.013742045945511877 0.027671058502527334
0 0.5055109583652073 0.6832785601129626 0.014022495862767386 0.027671058502527473
0 0.5564126183470526 0.6518681693803638 0.009815747103937155 0.02393172627245626
0 0.05986584079011733 0.8627788000608589 0.03442731796331283 0.07105302469923028
