0 0.06978267224320922 0.8319954128440367 0.07092665047670445 0.09288990825688061
0 0.14414125742039935 0.6559633027522936 0.05186034658511723 0.0894495412844038
0 0.27074151526053847 0.731651376146789 0.050335042273790265 0.08027522935779814
0 0.44348222851831864 0.7907110091743119 0.051097694429453784 0.08830275229357795
0 0.08656101966780598 0.10034403669724772 0.04957239011812677 0.09288990825688073
0 0.3973417731006776 0.38876146788990823 0.04880973796246323 0.08027522935779814
0 0.2970530146309288 0.5659403669724771 0.057198911674761634 0.08371559633027516
0 0.15939430053366913 0.3864678899082569 0.0488097379624633 0.09403669724770637
0 0.7092665047670446 0.8704128440366972 0.04880973796246323 0.09633027522935776
0 0.9159452389518498 0.8044724770642202 0.04880973796246323 0.10894495412844037
0 0.9372994993104277 0.11582568807339452 0.056436259519098114 0.0986238532110092
0 0.6421531150686575 0.08600917431192662 0.05186034658511723 0.07568807339449542
0 0.543008334832404 0.2213302752293578 0.05796156383042508 0.08256880733944953
0 0.7493057429393776 0.34690366972477066 0.04042056425016497 0.0837155963302752
0 0.6169855939317623 0.46846330275229364 0.057961563830425146 0.09288990825688068
0 0.8846765005696469 0.47935779816513757 0.03813260778317442 0.09403669724770644
1 0.41259481621394734 0.07339449541284404 0.042708520717155384 0.08256880733944953
1 0.27302947172752895 0.16227064220183485 0.05491095520777119 0.08600917431192658
1 0.2810373193619956 0.8973623853211009 0.0404205642501649 0.058486238532110095
1 0.8183257630269233 0.760894495412844 0.03813260778317442 0.07912844036697252
0 0.5430083348324038 0.6387614678899083 0.04728443365113634 0.08027522935779828
0 0.6821923532409906 0.6244266055045871 0.04347117287281876 0.10206422018348625
0 0.7851503942555615 0.1783256880733945 0.04652178149547282 0.088302752293578
