1 0.11926605504587165 0.11353211009174304 0.03516819571865444 0.05504587155963306
1 0.3367737003058104 0.9449541284403667 0.07415902140672781 0.09633027522935791
1 0.6506116207951069 0.55848623853211 0.0336391437308869 0.07798165137614674
1 0.7339449541284404 0.5131880733944953 0.04587155963302763 0.07912844036697245
1 0.5489296636085627 0.5401376146788991 0.0412844036697247 0.07110091743119262
1 0.4904434250764526 0.5269495412844036 0.038990825688073445 0.0653669724770642
1 0.40175840978593286 0.5533256880733946 0.04051987767584102 0.06766055045871575
0 0.28516819571865476 0.7643348623853207 0.0611620795107039 0.0928899082568807
0 0.3879969418960242 0.7878440366972473 0.0634556574923546 0.09633027522935723
1 0.5240825688073385 0.41227064220183496 0.031345565749235436 0.0722477064220179
1 0.9380733944954112 0.08084862385321095 0.032110091743119656 0.05160550458715592
1 0.07377675840978594 0.33486238532110085 0.037461773700305796 0.059633027522935825
1 0.08715596330275228 0.6955275229357798 0.05198776758409785 0.07912844036697252
1 0.9602446483180433 0.6611238532110089 0.04434250764525929 0.08142201834862375
1 0.5137614678899084 0.8824541284403667 0.04434250764525991 0.08830275229357819
1 0.39640672782874625 0.4466743119266054 0.03440366972477065 0.06307339449541291
1 0.8570336391437314 0.0831422018348624 0.03516819571865458 0.05848623853211012
1 0.6743119266055043 0.12385321100917407 0.029051987767584348 0.06192660550458701
1 0.5454892966360856 0.31766055045871555 0.03287461773700308 0.05504587155963304
1 0.4747706422018348 0.37614678899082565 0.027522935779816616 0.06651376146788991
1 0.4476299694189598 0.32110091743119235 0.026758409785933236 0.0711009174311926
1 0.835626911314985 0.2545871559633028 0.030581039755351754 0.06651376146788997
1 0.6540519877675841 0.22763761467889881 0.026758409785932993 0.056192660550458656
0 0.8199541284403671 0.3864678899082565 0.042048929663608174 0.07568807339449543
0 0.7209480122324159 0.32052752293577974 0.04434250764525984 0.07224770642201829
0 0.3646788990825688 0.20871559633027523 0.044342507645259974 0.07798165137614675
0 0.17622324159021402 0.385321100917431 0.037461773700305734 0.0642201834862385
0 0.10970948012232405 0.46330275229357815 0.045107033639143604 0.0848623853211007
0 0.23050458715596328 0.4243119266055045 0.04051987767584099 0.06651376146788983
0 0.5 0.606077981651376 0.05963302752293572 0.07683486238532111
0 0.6410550458715591 0.45183486238532117 0.04357798165137614 0.07110091743119279
0 0.2010703363914373 0.7213302752293578 0.04434250764525995 0.09403669724770637
0 0.06077981651376148 0.7786697247706417 0.04663608562691131 0.10091743119266054
0 0.25573394495412843 0.8738532110091742 0.04663608562691131 0.09633027522935776
0 0.7098623853211009 0.6530963302752292 0.0389908256880733 0.09518348623853214
0 0.7683486238532109 0.6565366972477057 0.0489296636085626 0.09059633027522926
0 0.8478593272171254 0.7219036697247705 0.05963302752293572 0.09977064220183479
0 0.7928134556574924 0.5332568807339448 0.04587155963302763 0.08486238532110094
0 0.4984709480122324 0.12844036697247704 0.02905198776758411 0.06880733944954126
0 0.20756880733944955 0.5401376146788991 0.04663608562691131 0.08486238532110085
0 0.32301223241590216 0.614105504587156 0.04510703363914376 0.08600917431192659
0 0.48738532110091737 0.7626146788990824 0.06345565749235468 0.09403669724770623
0 0.6777522935779817 0.8251146788990824 0.04663608562691138 0.095183486238532
0 0.7262996941896024 0.8514908256880733 0.04587155963302763 0.095183486238532
0 0.1448776758409786 0.5974770642201834 0.045107033639143784 0.08486238532110094
0 0.16781345565749234 0.650802752293578 0.03593272171253821 0.06307339449541288
0 0.17698776758409784 0.16227064220183482 0.03440366972477063 0.07454128440366971
0 0.5600152905198776 0.7362385321100916 0.04816513761467888 0.08715596330275219
0 0.6307339449541284 0.26777522935779813 0.035168195718654476 0.06307339449541285
0 0.31422018348623854 0.37672018348623854 0.048929663608562636 0.07454128440366965
0 0.41781345565749234 0.3692660550458715 0.04204892966360859 0.06422018348623851
0 0.8929663608562691 0.14621559633027523 0.03975535168195719 0.06077981651376145
0 0.7981651376146789 0.801605504587156 0.05504587155963307 0.08715596330275233
0 0.9350152905198778 0.8205275229357798 0.048929663608562636 0.09518348623853214
0 0.6127675840978594 0.5177752293577981 0.037461773700305796 0.060779816513761346
0 0.2779051987767584 0.05447247706422017 0.037461773700305796 0.04931192660550457
0 0.7163608562691133 0.2373853211009174 0.053516819571865284 0.06422018348623851
0 0.849388379204893 0.8572247706422018 0.03669724770642205 0.08600917431192656
1 0.1934250764525994 0.9013761467889907 0.04434250764525999 0.10550458715596335
1 0.03860856269113149 0.6823394495412844 0.05275229357798164 0.06651376146788991
1 0.2595565749235474 0.2448394495412844 0.032874617737003044 0.06077981651376145
1 0.39564220183486243 0.1370412844036697 0.03287461773700308 0.04931192660550456
1 0.6097094801223242 0.07110091743119265 0.02981651376146786 0.057339449541284386
1 0.7629969418960245 0.3199541284403669 0.029051987767583966 0.06651376146788991
1 0.7324159021406729 0.40538990825688065 0.04587155963302749 0.04931192660550465
1 0.4904434250764526 0.2706422018348624 0.031345565749235506 0.05963302752293579
1 0.13073394495412843 0.29529816513761464 0.03975535168195719 0.0653669724770642
1 0.882262996941896 0.6026376146788991 0.03822629969418955 0.06307339449541281
1 0.5879204892966361 0.8555045871559631 0.042813455657492415 0.05504587155963307
1 0.9105504587155964 0.7488532110091742 0.03669724770642205 0.08027522935779814
1 0.6077981651376146 0.3572247706422018 0.03058103975535168 0.0561926605504587
1 0.2981651376146789 0.31364678899082565 0.03669724770642205 0.0538990825688073
1 0.2790519877675841 0.19438073394495411 0.03516819571865444 0.04701834862385322
1 0.5951834862385321 0.17259174311926603 0.03287461773700301 0.0561926605504587
1 0.9613914373088684 0.3572247706422018 0.035932721712538154 0.0561926605504587
1 0.45718654434250766 0.6513761467889907 0.04281345565749234 0.06422018348623844
1 0.09709480122324159 0.04701834862385321 0.03516819571865444 0.0665137614678899
1 0.8574159021406729 0.5246559633027522 0.038990825688073445 0.07683486238532111
1 0.4048165137614679 0.08084862385321101 0.028287461773700288 0.053899082568807336
1 0.7270642201834864 0.11983944954128439 0.02905198776758411 0.05619266055045871
1 0.7492354740061162 0.15194954128440366 0.02905198776758411 0.058486238532110095
1 0.768348623853211 0.21616972477064217 0.024464831804281176 0.04931192660550458
0 0.48432721712538224 0.02981651376146788 0.03746177370030587 0.05275229357798164
1 0.643348623853211 0.026949541284403668 0.04357798165137616 0.042431192660550454
0 0.31766055045871555 0.16284403669724767 0.031345565749235436 0.05275229357798164
0 0.3669724770642202 0.050458715596330264 0.03822629969418962 0.057339449541284386
0 0.8497706422018347 0.18749999999999997 0.026758409785932854 0.06077981651376147
