0 0.17231908000256624 0.27522935779816515 0.06315358952973632 0.05733944954128439
0 0.05142506575992814 0.33658256880733944 0.09202380188618721 0.0561926605504587
0 0.1569817796882017 0.481651376146789 0.07939308398023993 0.06422018348623858
0 0.39696541990119966 0.6330275229357798 0.07578430743568354 0.05963302752293572
0 0.6685258548790659 0.9392201834862385 0.10285013151985624 0.08027522935779814
0 0.9391840957207935 0.8589449541284401 0.11006768460896892 0.08486238532110049
0 0.8435515172900494 0.7029816513761468 0.12811156733175083 0.0825688073394494
0 0.8354317700647976 0.5837155963302751 0.08661063706935267 0.06880733944954137
0 0.6622104959260924 0.46158256880733944 0.07217553089112712 0.051605504587155904
0 0.46823875665618786 0.34288990825688076 0.07758869570796172 0.06422018348623855
0 0.1930695451337653 0.6393348623853211 0.07217553089112722 0.05389908256880723
0 0.28328895874767424 0.3153669724770642 0.07217553089112719 0.057339449541284476
0 0.12179620837877715 0.10206422018348622 0.037892153717841735 0.041284403669724704
0 0.8633997882851093 0.1536697247706422 0.055936036440623414 0.050458715596330264
1 0.6883741258741258 0.7947247706422018 0.09563257843074353 0.07798165137614674
1 0.560262558542375 0.875 0.09563257843074346 0.07568807339449535
1 0.42312904984923333 0.43233944954128445 0.059544812985179975 0.05733944954128439
1 0.3708017899531661 0.40538990825688076 0.07397991916340545 0.0538990825688073
1 0.4402707384358761 0.08944954128440367 0.04330531853467633 0.03899082568807341
1 0.3274964714184898 0.040711009174311925 0.045109706806954544 0.03555045871559633
0 0.47004314492846605 0.6227064220183486 0.07758869570796179 0.07798165137614682
0 0.22464633989863347 0.7419724770642202 0.08119747225251814 0.07110091743119255
0 0.13262253801244625 0.5349770642201834 0.07397991916340542 0.0561926605504587
0 0.6838631551934304 0.24942660550458715 0.07217553089112727 0.05160550458715598
0 0.8381383524732139 0.3245412844036697 0.0739799191634054 0.050458715596330334
0 0.3428337717328543 0.11467889908256881 0.05413164816834545 0.041284403669724766
0 0.44297732084429325 0.1760321100917431 0.05232725989606728 0.04472477064220182
1 0.44207512670815424 0.23566513761467892 0.04330531853467633 0.04931192660550458
1 0.3735083723615834 0.22649082568807338 0.0577404247129018 0.04701834862385322
0 0.05413164816834541 0.12155963302752294 0.05413164816834541 0.03669724770642199
0 0.12540498492333355 0.04243119266055047 0.05593603644062361 0.034403669724770644
0 0.05593603644062359 0.040137614678899085 0.054131648168345405 0.045871559633027525
0 0.6252205363443896 0.23738532110091742 0.048718483351510855 0.04587155963302756
0 0.29952845319817795 0.8153669724770642 0.06134920125745811 0.07568807339449549
0 0.24810338743824978 0.8102064220183487 0.05954481298517994 0.06766055045871568
0 0.8246054404311285 0.2505733944954128 0.07217553089112727 0.05848623853211006
0 0.538609899275037 0.022935779816513763 0.05232725989606721 0.041284403669724766
