1 0.6497912318463281 0.7650320564143772 0.013369221006957406 0.0410221911184317
1 0.6640008038880109 0.6750584647121322 0.01718899843751629 0.038532026162359616
1 0.6507882968209405 0.6058077103621526 0.018311417368928225 0.037288607717396546
0 0.3204530673544015 0.6871176764235932 0.03159319339316944 0.0454404774397932
1 0.5893143343619291 0.6170407955525868 0.015956158279378484 0.043250574912574107
0 0.925963425583683 0.76431174050806 0.027444592240532206 0.04544047743979299
0 0.9893093739528162 0.6737045234443767 0.01946651310084229 0.045987953071597885
0 0.7915882690273885 0.6597165889778758 0.014345973696276708 0.03668493162732687
0 0.8058665730364186 0.6306937000322059 0.021518960544414985 0.03668493162732747
0 0.7868739386927364 0.5340585869991636 0.022613082388910185 0.038007780908449786
0 0.7622745720399354 0.5323547899239572 0.019710051541685373 0.03958051667017877
0 0.7264450597412904 0.5217388235322868 0.01634864740279326 0.03958051667017884
0 0.700776155407935 0.5246221724287922 0.02184912690279799 0.03695929040063337
1 0.6502023022273294 0.5041766075263133 0.01298724326390115 0.035648677265856535
1 0.5736504831564905 0.5275073151085813 0.01840615493107194 0.024843592937493497
0 0.618109467677499 0.5003418910554341 0.017729458058606012 0.03738148096202302
0 0.16927833587674002 0.8722754871625438 0.022366369401626646 0.04260032376246039
0 0.05560418201052154 0.7894215269657967 0.014440711258421928 0.037033206294674985
0 0.11292040710838176 0.6689997561524228 0.025159589718281535 0.0357561991810654
