0 0.48174603174603176 0.9357142857142858 0.06349206349206347 0.1238095238095238
0 0.6075396825396827 0.8482142857142858 0.049999999999999926 0.14642857142857138
0 0.5476190476190478 0.7488095238095238 0.04761904761904759 0.09047619047619052
0 0.3166666666666667 0.9255952380952382 0.08888888888888889 0.125
0 0.16111111111111115 0.9142857142857145 0.06031746031746032 0.15476190476190482
0 0.08055555555555557 0.9029761904761906 0.057936507936507946 0.12976190476190466
0 0.1523809523809524 0.5892857142857143 0.03968253968253968 0.07619047619047628
0 0.3234126984126985 0.7797619047619048 0.04841269841269842 0.10714285714285722
0 0.29880952380952386 0.6595238095238096 0.03730158730158727 0.0809523809523808
0 0.24007936507936514 0.5660714285714287 0.043650793650793676 0.10833333333333343
0 0.052777777777777785 0.46607142857142864 0.04523809523809524 0.07261904761904767
0 0.07341269841269843 0.34821428571428575 0.043650793650793655 0.08690476190476193
0 0.0761904761904762 0.18452380952380956 0.0507936507936508 0.07380952380952381
0 0.18412698412698414 0.324404761904762 0.03968253968253968 0.08214285714285711
0 0.5134920634920636 0.6363095238095239 0.047619047619047665 0.1130952380952381
0 0.7071428571428572 0.7202380952380955 0.042857142857142774 0.09523809523809533
0 0.7988095238095241 0.8136904761904762 0.05793650793650798 0.12023809523809532
0 0.8202380952380954 0.5601190476190476 0.04999999999999986 0.09880952380952379
0 0.8662698412698414 0.3880952380952381 0.04047619047619065 0.1023809523809524
0 0.5801587301587303 0.4863095238095239 0.05873015873015859 0.09880952380952386
0 0.6662698412698415 0.4190476190476191 0.03412698412698404 0.0619047619047619
0 0.8210317460317461 0.336904761904762 0.04365079365079353 0.08571428571428569
0 0.8996031746031747 0.27857142857142864 0.061111111111111144 0.09285714285714289
0 0.8349206349206351 0.18571428571428578 0.0507936507936509 0.08809523809523812
0 0.9123015873015874 0.11071428571428572 0.04365079365079353 0.07857142857142857
0 0.8642857142857144 0.08214285714285716 0.03650793650793659 0.06666666666666668
0 0.7246031746031747 0.29523809523809524 0.053968253968253915 0.07857142857142857
0 0.6198412698412699 0.34702380952380957 0.034920634920634866 0.0845238095238096
0 0.5297619047619048 0.35416666666666674 0.03253968253968253 0.08214285714285711
0 0.40317460317460324 0.3232142857142858 0.0380952380952381 0.0869047619047619
0 0.280952380952381 0.48392857142857154 0.05079365079365083 0.07023809523809525
0 0.2757936507936508 0.3988095238095239 0.045238095238095216 0.0880952380952381
0 0.2960317460317461 0.3101190476190477 0.04126984126984123 0.075
0 0.25238095238095243 0.18154761904761904 0.044444444444444425 0.09404761904761903
0 0.18571428571428578 0.1285714285714286 0.042857142857142885 0.08571428571428573
0 0.07936507936507936 0.1011904761904762 0.03809523809523809 0.07142857142857144
0 0.2428571428571429 0.07142857142857144 0.041269841269841304 0.057142857142857155
0 0.2932539682539683 0.13630952380952382 0.03095238095238095 0.07976190476190476
0 0.32777777777777783 0.07500000000000001 0.03809523809523803 0.07142857142857144
0 0.38452380952380966 0.2023809523809524 0.042063492063492094 0.05476190476190482
0 0.4265873015873016 0.2630952380952381 0.02301587301587304 0.07380952380952382
0 0.4472222222222223 0.23035714285714293 0.024603174603174623 0.07261904761904762
0 0.38809523809523816 0.11190476190476191 0.02539682539682545 0.06666666666666667
0 0.5515873015873016 0.24761904761904766 0.042857142857142844 0.08095238095238094
0 0.5825396825396827 0.1916666666666667 0.0317460317460317 0.05952380952380953
0 0.4400793650793652 0.05535714285714286 0.03095238095238095 0.05833333333333333
0 0.49285714285714294 0.0898809523809524 0.03968253968253968 0.0773809523809524
0 0.5361111111111112 0.08630952380952381 0.026190476190476063 0.051190476190476196
0 0.54484126984127 0.11666666666666668 0.027777777777777787 0.07142857142857142
0 0.6714285714285715 0.20416666666666672 0.04444444444444429 0.07738095238095237
0 0.621825396825397 0.11785714285714288 0.04047619047619051 0.08333333333333336
0 0.6603174603174605 0.08630952380952384 0.0349206349206348 0.07738095238095241
0 0.7436507936507938 0.04404761904761905 0.023809523809523794 0.0642857142857143
0 0.7603174603174605 0.1517857142857143 0.04285714285714292 0.08214285714285716
