0 0.6887441578674052 0.8182339449541286 0.11729703998615193 0.12270642201834861
0 0.8421325947723731 0.7471330275229358 0.11128180716634944 0.09059633027522934
0 0.1676746148519993 0.7012614678899083 0.07067898563268132 0.06536697247706429
0 0.2676778604812186 0.7413990825688075 0.06315994460792798 0.07454128440366972
0 0.9526624978362471 0.6915137614678899 0.05564090358317458 0.07110091743119284
0 0.5346038168599619 0.6571100917431193 0.04060282153366785 0.041284403669724835
0 0.3857268045698459 0.6605504587155963 0.03759520512376668 0.041284403669724766
1 0.43911199584559457 0.6605504587155964 0.036091396918816014 0.03669724770642205
1 0.33910875021637515 0.777522935779816 0.08872468409208929 0.09403669724770633
1 0.643629911718885 0.6897935779816516 0.027068547689112064 0.05619266055045936
1 0.8592783612421462 0.6050444083763503 0.02546581582486989 0.030012688107528492
1 0.9067373816430465 0.5976883573696069 0.03241103832256016 0.028247235865910623
