0 0.6070575318401404 0.647562582345191 0.056144049187527474 0.10144927536231883
0 0.6952212340799298 0.5223978919631094 0.041230786122090565 0.09354413702239796
0 0.16404589371980677 0.4980237154150198 0.042108036890645587 0.08168642951251641
0 0.2517709705753184 0.5125164690382081 0.035090030742204625 0.06587615283267446
0 0.2136105621431708 0.42885375494071143 0.041230786122090454 0.07246376811594203
0 0.2697546113306982 0.39723320158102765 0.034212779973649535 0.07246376811594203
0 0.33291666666666664 0.4308300395256917 0.037721783047870015 0.07114624505928858
0 0.3855517127799736 0.5533596837944664 0.042985287659200754 0.08959156785243742
0 0.5070509442248573 0.43741765480895917 0.038599033816425175 0.08695652173913046
0 0.660131203337725 0.4044795783926219 0.048248792270531526 0.07905138339920946
0 0.5487203557312252 0.58300395256917 0.05526679841897234 0.09090909090909094
0 0.34563680281071585 0.3504611330698287 0.040353535353535364 0.06324110671936761
0 0.396078722002635 0.2977602108036891 0.035967281510759716 0.06324110671936765
0 0.3425664251207729 0.261528326745718 0.03245827843653928 0.06982872200263507
0 0.6574994510320596 0.3069828722002635 0.03947628458498016 0.0685111989459816
0 0.6079347826086956 0.3129117259552042 0.03509003074220466 0.06455862977602109
0 0.5228414580588493 0.27799736495388666 0.022808519982433 0.06060606060606062
0 0.4653815327184892 0.2536231884057971 0.030703776899429016 0.06719367588932808
0 0.42108036890645584 0.1949934123847167 0.0280720245937637 0.05006587615283266
0 0.7219773825208609 0.2450592885375494 0.022808519982433068 0.06060606060606062
0 0.7092572463768115 0.2055335968379447 0.02193126921387787 0.05797101449275363
0 0.7908415678524373 0.2015810276679842 0.03596728151075979 0.05533596837944664
0 0.4627497804128239 0.1613965744400527 0.025440272288098385 0.04347826086956523
0 0.47239953886693015 0.21739130434782608 0.027194773825208643 0.05006587615283266
0 0.5219642072902942 0.17720685111989462 0.031581027667984214 0.06719367588932806
0 0.4916990557751427 0.1324110671936759 0.023685770750988128 0.04611330698287221
0 0.584687637241985 0.15151515151515152 0.023685770750988128 0.05270092226613963
0 0.8101410847606499 0.16798418972332016 0.030703776899429158 0.06455862977602107
1 0.7785600570926658 0.10935441370223979 0.02017676767676775 0.05797101449275363
0 0.8430379885814667 0.11989459815546773 0.028072024593763557 0.044795783926218725
0 0.8553194993412384 0.08563899868247696 0.02807202459376384 0.05270092226613967
0 0.6618857048748353 0.08168642951251648 0.02193126921387787 0.042160737812911735
0 0.7184683794466403 0.08959156785243742 0.019299516908212553 0.050065876152832665
0 0.5566156126482212 0.06785243741765482 0.018422266139657424 0.056653491436100135
0 0.5136303249890206 0.05006587615283267 0.018422266139657424 0.042160737812911735
0 0.7482949055775143 0.049407114624505935 0.029826526130873818 0.04347826086956522
0 0.7781214317083882 0.05731225296442687 0.017545015371102295 0.04084321475625824
0 0.6083734079929732 0.12121212121212122 0.016667764602547167 0.04479578392621871
0 0.60354852876592 0.0922266139657444 0.015790513833992107 0.04479578392621871
0 0.4995943126921388 0.08102766798418973 0.018422266139657494 0.051383399209486154
0 0.7123276240667544 0.03293807641633729 0.017545015371102295 0.042160737812911735
