0 0.19718037135278516 0.6241379310344827 0.057628647214854105 0.06206896551724142
0 0.08248806366047745 0.486206896551724 0.029379310344827592 0.04551724137931009
0 0.4751538461538462 0.696551724137931 0.04858885941644566 0.05793103448275872
1 0.4310848806366047 0.656551724137931 0.03728912466843497 0.057931034482758506
0 0.8231856763925728 0.7724137931034483 0.0508488063660478 0.06896551724137921
1 0.34294694960212196 0.42068965517241375 0.014689655172413794 0.01931034482758619
1 0.3994456233421751 0.4282758620689654 0.01694960212201586 0.02344827586206897
0 0.7565172413793104 0.5931034482758619 0.037289124668435106 0.041379310344827544
0 0.6921087533156498 0.5572413793103448 0.016949602122015933 0.02758620689655167
0 0.7237480106100795 0.5179310344827586 0.019209549071618 0.028965517241379288
1 0.7452175066312998 0.4917241379310344 0.019209549071618 0.02068965517241388
