0 0.45444022362385317 0.5 0.10817803899082577 0.20412844036697245
1 0.20294939793577987 0.5579128440366973 0.17659833715596346 0.2419724770642203
1 0.8265911697247705 0.4564220183486238 0.09800745412844038 0.1926605504587156
0 0.5894316227064219 0.44151376146788984 0.08783686926605505 0.16513761467889906
0 0.9245986238532103 0.541284403669724 0.14053899082568713 0.3325688073394495
0 0.2061854931192662 0.3555045871559628 0.12389621559633034 0.15366972477064184
0 0.3148258314220183 0.3027522935779816 0.06934489678899083 0.13761467889908258
1 0.5247097190366972 0.34461009174311924 0.047154529816513815 0.11811926605504584
1 0.41052178899082564 0.3692660550458715 0.06102350917431188 0.11926605504587155
1 0.7789743405963301 0.3147935779816513 0.04715452981651367 0.11582568807339452
0 0.7142524369266054 0.38818807339449535 0.07304329128440372 0.14105504587155962
0 0.6412091456422019 0.31766055045871555 0.04900372706422019 0.08944954128440365
1 0.6042252006880733 0.2620412844036697 0.032360951834862345 0.0561926605504587
1 0.39387901376146783 0.25573394495412843 0.033285550458715535 0.06422018348623855
1 0.43224985665137594 0.2413990825688073 0.03051175458715583 0.0538990825688073
0 0.4729321961009175 0.22591743119266042 0.03421014908256877 0.05275229357798153
1 0.6906751720183485 0.261467889908257 0.027737958715596357 0.055045871559633044
0 0.571864248853211 0.253440366972477 0.03421014908256879 0.05733944954128443
1 0.5131522362385321 0.27408256880733944 0.03143635321100916 0.05963302752293579
1 0.732282110091743 0.2586009174311926 0.033285550458715535 0.04931192660550455
0 0.35781966743119265 0.25114678899082565 0.033285550458715535 0.0688073394495413
0 0.5210113245412844 0.23451834862385318 0.02496416284403665 0.04472477064220182
1 0.7729644495412843 0.22018348623853207 0.03143635321100931 0.05045871559633028
