0 0.4973017010703363 0.7987385321100916 0.04977542048929656 0.07454128440366972
0 0.04253535932721712 0.8922018348623854 0.0651605504587156 0.08944954128440358
0 0.1434437117737003 0.8405963302752292 0.037105313455657464 0.09403669724770637
0 0.09638331422018348 0.8182339449541284 0.04615538990825688 0.0814220183486239
0 0.7688039946483181 0.8222477064220183 0.051585435779816606 0.08486238532110094
0 0.5945900229357797 0.831422018348624 0.06154051987767581 0.07798165137614674
0 0.5660822821100917 0.5768348623853211 0.04977542048929664 0.05733944954128447
0 0.3411878822629969 0.6422018348623854 0.03982033639143722 0.05504587155963307
0 0.4887041284403669 0.6410550458715596 0.03258027522935777 0.05733944954128439
0 0.2963900038226299 0.7660550458715596 0.033485282874617786 0.06422018348623851
0 0.36788560779816515 0.9019495412844037 0.03891532874617738 0.08371559633027531
0 0.39322582186544336 0.823394495412844 0.03891532874617738 0.06651376146788991
0 0.2742173165137614 0.8887614678899084 0.05973050458715594 0.08715596330275233
0 0.3371153478593272 0.8744266055045874 0.03529529816513759 0.07224770642201857
0 0.22760942278287458 0.7110091743119266 0.035295298165137615 0.043577981651376094
0 0.2561171636085627 0.7413990825688073 0.0325802752293578 0.04013761467889907
0 0.38372324159021404 0.5303899082568807 0.036200305810397564 0.049311926605504514
0 0.24163704128440366 0.42259174311926606 0.030770259938837866 0.04472477064220186
0 0.33621034021406726 0.36238532110091737 0.03710531345565748 0.05045871559633035
0 0.37241064602446483 0.3474770642201835 0.028055237003058054 0.05045871559633028
0 0.723553612385321 0.3985091743119266 0.024435206422018324 0.04013761467889907
0 0.6416504204892967 0.37672018348623854 0.01991016819571861 0.04243119266055047
0 0.5706073203363914 0.39048165137614677 0.02262519113149857 0.047018348623853186
1 0.40996846330275233 0.33027522935779813 0.02534021406727824 0.0412844036697248
1 0.21629682721712537 0.2672018348623853 0.028960244648318038 0.03440366972477065
0 0.7624689411314983 0.25172018348623854 0.022625191131498495 0.04472477064220182
0 0.725363627675841 0.19954128440366972 0.03348528287461761 0.03669724770642205
0 0.6303378249235473 0.176605504587156 0.01900516055045877 0.029816513761467895
0 0.4796540519877675 0.2522935779816514 0.02715022935779821 0.04357798165137613
0 0.3316853019877676 0.2620412844036697 0.03348528287461772 0.04472477064220182
0 0.3656230886850153 0.25172018348623854 0.02715022935779821 0.035550458715596346
0 0.398655867737003 0.2213302752293578 0.026245221712538225 0.02981651376146786
0 0.6230977637614679 0.3216743119266055 0.017195145259938868 0.04013761467889907
0 0.4959441896024464 0.20871559633027523 0.01991016819571861 0.032110091743119254
