0 0.6373841611144759 0.9527559055118111 0.04857510599636576 0.08267716535433067
0 0.7693246517262264 0.766732283464567 0.04463658388855251 0.07677165354330696
1 0.38991368867353116 0.8021653543307088 0.044636583888552364 0.07677165354330712
0 0.47721759539672914 0.7814960629921259 0.0564521502119927 0.07480314960629912
0 0.5651779224712296 0.7125984251968503 0.04332374318594787 0.07480314960629926
1 0.5244798606904906 0.6889763779527559 0.04332374318594787 0.07480314960629926
0 0.2474704724409449 0.6840551181102361 0.043323743185947915 0.06889763779527555
0 0.7279701695941853 0.6200787401574803 0.03544669897032108 0.05118110236220467
0 0.9006087219866746 0.6141732283464567 0.03413385826771645 0.05511811023622051
0 0.9767534827377347 0.5679133858267718 0.03150817686250761 0.03740157480314956
0 0.9432760448213203 0.5068897637795275 0.02231829194427604 0.053149606299212664
0 0.8638491823137491 0.4635826771653544 0.02888249545729863 0.04527559055118111
0 0.7765452755905511 0.4114173228346456 0.019692610539067203 0.035433070866141704
0 0.6485433070866141 0.4035433070866141 0.023631132646880743 0.03543307086614177
0 0.2645374015748031 0.5984251968503936 0.027569654754694143 0.05905511811023622
