0 0.19264367816091954 0.8724137931034482 0.028505747126436772 0.04275862068965523
0 0.0639080459770115 0.7896551724137931 0.01931034482758621 0.03724137931034477
0 0.13011494252873562 0.6675862068965518 0.024827586206896547 0.03862068965517253
0 0.3641379310344827 0.6868965517241379 0.025747126436781613 0.04689655172413779
1 0.744367816091954 0.7627586206896553 0.015632183908046073 0.04413793103448271
1 0.76 0.6724137931034483 0.022988505747126454 0.04275862068965523
0 0.9062068965517242 0.6606896551724136 0.01931034482758619 0.03862068965517253
0 0.9213793103448276 0.6289655172413792 0.020229885057471222 0.03862068965517231
1 0.6726436781609195 0.616551724137931 0.022988505747126454 0.04413793103448271
1 0.7448275862068965 0.6055172413793103 0.02390804597701148 0.044137931034482845
1 0.6565517241379311 0.5255172413793103 0.027586206896551745 0.030344827586206834
