0 0.18829239501707856 0.8297619047619048 0.05334287723528228 0.11666666666666657
0 0.28860885071328113 0.7482142857142858 0.04538125376732971 0.08452380952380949
0 0.2870165260196906 0.7035714285714286 0.037419630299377185 0.05476190476190467
0 0.2683067108700021 0.6392857142857142 0.03980811733976292 0.0619047619047619
1 0.4008677416114125 0.6583333333333334 0.04538125376732971 0.08333333333333329
1 0.5374095840867993 0.855952380952381 0.055731364275668084 0.1
1 0.6245893610608801 0.6833333333333332 0.0326426562186056 0.08809523809523817
0 0.849107142857143 0.730952380952381 0.04697357846092018 0.0880952380952381
0 0.8634380650994575 0.8321428571428572 0.037419630299377074 0.09523809523809533
0 0.798550833835644 0.5791666666666667 0.03821579264617256 0.06547619047619058
1 0.943452380952381 0.5107142857142857 0.02070022101667661 0.0619047619047619
0 0.890905666063894 0.48452380952380947 0.033438818565400936 0.05
0 0.7893949668474985 0.45833333333333337 0.031050331525015053 0.05
1 0.6241912798874825 0.5446428571428571 0.03662346795258195 0.06309523809523811
1 0.5453712075547519 0.594642857142857 0.036623467952581874 0.06785714285714285
0 0.4060427968655817 0.5577380952380953 0.023884870403857762 0.0511904761904762
0 0.39290611814345994 0.525 0.01990405866988141 0.05238095238095241
