0 0.12335061045438993 0.5982777858534023 0.08323172258815624 0.0667766304336746
0 0.6251361034678804 0.6569951677864596 0.08622566944384559 0.06677663043367374
0 0.8950621627080974 0.5564464483978238 0.02964007387132201 0.028015482883093926
0 0.905052523022913 0.5225821845725168 0.04009920831170675 0.023533924809242563
0 0.6871955215439876 0.5092397292936368 0.018897328054942382 0.01929978770967132
0 0.6883477976448964 0.49973753789576264 0.0006145472538192109 9.846830464127265e-05
0 0.697719643265645 0.508058109637943 0.03718010885607162 0.024617076160295782
0 0.8077953412030907 0.48584007944526847 0.022220200293051846 0.011799920804108624
0 0.8644885950936485 0.4722091364474189 0.00660257380136386 0.008626149001624128
0 0.7803374485315454 0.47733599858989373 0.009142025263427058 0.009928209228284572
