0 0.22188612507632569 0.607481784724985 0.1158617204832045 0.07942721718659966
0 0.6962633579981253 0.5284917804660523 0.1508388436479455 0.07709541119940205
1 0.2699157188172787 0.40894147454326346 0.027831525223496138 0.028545154075380667
0 0.5333964629710877 0.28558618424129983 0.024223202941730762 0.016641143484359765
0 0.4058168107392165 0.2633394258288131 0.012850113755674186 0.008763679113065201
0 0.5984753306145203 0.2222054379723868 0.015233297589800915 0.009281214425574117
0 0.5920188336228164 0.21867454118004892 0.016040359713764045 0.009079448894583536
0 0.6023593170860925 0.21605158927716914 0.01573771141727829 0.008944938540589567
0 0.621627925295708 0.2138657960247695 0.013518290576379786 0.008608662655605016
0 0.6553424077154637 0.21570559047053997 0.014272577037690155 0.010625140683613914
