0 0.45582672413793107 0.8772413793103447 0.06783965517241378 0.1241379310344827
1 0.5399293103448276 0.8013793103448276 0.05204137931034481 0.09931034482758619
0 0.6040517241379311 0.74 0.04460689655172409 0.07310344827586221
1 0.8071060344827586 0.7586206896551724 0.02880862068965527 0.08275862068965523
0 0.8270862068965518 0.9055172413793103 0.08735517241379313 0.15034482758620699
1 0.26438879310344826 0.8324137931034482 0.04739482758620689 0.09241379310344826
1 0.05668793103448277 0.7951724137931032 0.042748275862068974 0.07586206896551713
0 0.1695991379310345 0.7524137931034482 0.0362431034482759 0.07310344827586207
0 0.22117586206896556 0.7889655172413793 0.04088965517241377 0.07172413793103445
1 0.42794741379310347 0.7351724137931035 0.021374137931034484 0.05241379310344811
