1 0.5410514621559632 0.49311926605504586 0.08443950688073386 0.15366972477064222
0 0.05002508600917432 0.5229357798165138 0.05321817660550459 0.10550458715596335
1 0.28241112385321104 0.40825688073394495 0.03831708715596331 0.1307339449541284
0 0.9252866972477061 0.42144495412843974 0.061023509174310944 0.12270642201834846
0 0.5147971616972477 0.37327981651376146 0.03902666284403672 0.08830275229357802
1 0.42148795871559636 0.34461009174311924 0.029802178899082606 0.0997706422018349
1 0.7326368979357798 0.20011467889908258 0.02767345183486242 0.06766055045871561
1 0.8859052465596329 0.14392201834862386 0.02057769495412842 0.051605504587155994
0 0.3398867545871559 0.21215596330275233 0.03264048165137616 0.07110091743119266
0 0.3036983944954128 0.2528669724770642 0.024125573394495455 0.058486238532110095
0 0.3970075974770642 0.26089449541284404 0.02483514908256879 0.08600917431192659
